Accuracy : 0.9824561403508771
Precision: 0.9861111111111112
Recall   : 0.9861111111111112
ROC-AUC  : 0.9953703703703703
